3.07
5.31
-0.79
0.04
0.31
-0.01
1.25
0.00
0.89
0.08
2.14
3.48
1.45
-5.43
2.68
0.48
1.40
1.58
0.30
-9.35
12.19
0.79
1.76
0.95
-0.35
0.47
-0.77
1.41
2.57
0.55
-6.94
-0.32
1.44
-7.48
17.54
13.62
-11.29
1.50
4.54
1.07
0.64
1.59
1.55
1.54
-1.10
-11.96
1.22
1.46
-6.19
-0.32
1.45
1.83
1.28
2.14
-0.62
-7.56
17.01
11.49
5.57
2.48
-0.07
-0.02
-0.33
0.39
0.75
0.56
3.36
1.33
-6.21
-1.83
0.66
-0.78
-17.15
-0.14
-2.16
0.77
-17.11
0.05
0.99
3.08
0.44
0.02
1.46
-7.34
18.70
-16.78
-10.75
2.87
5.80
0.04
0.15
0.47
1.16
-0.03
0.85
1.64
5.21
-14.36
0.89
-0.04
3.70
-2.29
4.79
0.87
-16.83
0.66
-0.24
1.75
7.69
-13.73
-14.56
0.58
0.37
-1.48
-0.11
-19.26
-10.50
2.35
0.14
0.96
-1.10
1.16
4.78
-11.95
-12.36
-7.06
1.51
2.78
0.03
1.40
-0.37
0.74
-2.88
-8.84
0.20
1.93
-9.07
0.67
1.51
3.19
-0.52
0.19
0.58
0.92
3.79
-9.68
1.64
-0.91
7.55
0.86
1.76
13.88
-13.85
4.44
-9.76
9.09
5.71
2.99
1.02
-1.87
-3.65
-8.02
0.60
3.76
0.24
-0.25
0.26
0.96
-2.58
1.18
-0.07
-4.91
1.97
2.46
2.71
2.38
-7.68
-8.85
17.39
-17.87
1.09
4.15
-14.98
15.79
-1.96
-16.12
16.88
-0.58
3.43
-8.13
2.09
0.60
2.64
-0.48
0.36
2.07
2.36
-1.97
3.65
-8.01
0.31
4.14
-0.27
2.11
-11.10
-17.84
-6.02
2.03
5.43
1.12
3.49
-9.59
2.90
-0.51
5.32
1.67
0.16
1.51
0.99
2.96
0.88
3.19
-1.90
1.99
-0.67
0.18
1.03
3.96
1.00
5.13
1.13
4.33
-7.24
-0.40
-3.46
-0.62
0.08
-0.20
1.97
-9.10
2.22
2.01
5.88
0.02
0.74
0.72
3.31
-7.05
-17.89
13.53
-8.11
3.46
-0.41
2.68
3.72
-4.56
-15.20
1.32
16.97
0.98
0.69
1.68
1.15
0.36
0.96
-0.39
1.21
1.80
0.76
0.67
-9.99
3.31
2.03
-0.47
1.09
-0.62
0.62
4.04
-9.47
-0.96
4.40
2.95
1.33
0.29
0.76
0.73
0.12
-0.71
0.68
3.93
-7.09
0.74
-11.40
10.05
-12.49
-0.51
0.17
0.78
0.04
2.41
-8.39
1.33
2.06
-2.93
7.43
0.33
1.08
0.96
1.32
0.59
0.58
-0.88
1.83
1.74
0.17
-12.52
-13.28
3.67
0.66
1.06
2.10
-14.40
-9.59
-11.09
6.29
-9.58
0.12
5.97
-0.64
-0.04
4.06
1.39
0.58
3.03
1.83
1.05
0.27
0.69
-0.00
0.46
0.50
2.12
-2.36
-3.92
-8.22
0.37
2.27
2.41
1.66
-1.97
1.42
1.61
3.67
-0.41
4.66
0.29
-1.24
-0.34
0.00
1.84
13.03
-15.51
-0.21
0.28
-12.20
-16.75
-2.80
-8.37
0.83
5.14
0.27
-0.06
-0.14
1.56
0.96
0.03
2.21
0.28
-5.24
1.52
-11.47
-9.68
3.21
12.57
1.24
0.41
-0.90
0.94
-0.72
0.38
0.96
2.98
-9.02
1.01
1.89
-9.88
-17.43
14.99
0.97
-0.39
0.47
0.13
-17.26
-15.62
-0.45
0.28
-0.09
-0.39
0.99
1.70
0.43
0.54
1.63
-0.90
-9.82
1.37
11.00
0.41
-1.03
1.15
-7.95
1.64
-0.23
-0.00
4.19
1.31
1.93
-6.90
2.90
-0.36
0.79
0.04
0.66
-0.39
-16.15
-18.77
-0.96
2.09
-10.35
-17.10
15.14
3.15
-5.32
-6.79
0.88
6.77
-1.05
-10.68
-4.06
-3.14
-8.15
0.84
4.62
-0.49
0.94
-10.40
3.24
-0.45
9.44
1.09
3.37
-9.93
2.11
1.51
10.41
-0.99
-17.64
2.39
-9.54
2.43
2.78
-0.08
5.30
-11.22
-11.71
2.88
0.81
-0.84
1.37
1.92
-9.47
1.08
-14.43
15.75
3.72
1.00
0.44
2.28
2.71
-0.32
0.03
1.96
-7.78
1.56
2.23
12.24
-16.28
1.25
-6.53
-16.92
13.10
13.64
2.68
3.93
-8.81
0.07
0.98
7.31
-1.16
-0.58
0.89
2.09
-1.31
-0.11
0.51
1.22
2.77
-6.20
-17.76
-3.95
-7.32
-0.99
-11.02
-3.05
9.96
-0.68
0.76
0.75
0.54
-0.36
0.50
1.51
0.80
-0.43
-14.73
1.57
3.04
1.04
3.96
0.52
-1.68
1.56
-0.85
-0.83
-1.09
1.99
1.07
-0.92
1.27
3.74
-10.81
1.16
5.08
3.28
-9.23
-0.31
4.24
2.98
0.49
1.11
0.57
0.11
1.30
-11.89
3.77
-0.88
9.54
-0.54
-0.86
0.11
-0.20
2.82
-2.16
-3.57
-8.73
0.81
5.29
3.41
-5.46
4.21
2.90
0.43
-0.55
-0.29
1.23
0.68
0.29
-0.85
-1.15
-8.26
-2.95
-0.82
1.45
4.38
0.84
-0.28
1.38
0.59
-1.45
0.29
-0.15
0.09
1.16
2.02
8.49
-14.40
2.00
0.48
1.67
0.47
3.44
-8.38
2.60
-1.11
-6.72
3.27
-7.44
17.62
-0.07
-0.05
0.81
16.00
0.25
0.14
-0.34
0.47
1.25
2.70
-6.00
-11.05
-11.20
-1.37
-0.91
0.77
0.99
0.02
0.60
-1.07
2.49
-0.90
0.73
0.32
-1.06
1.16
1.31
-6.73
-2.79
1.54
-1.44
1.46
-0.19
1.37
5.53
-0.19
-0.29
1.02
2.09
-4.77
6.39
-13.34
13.37
6.72
-0.24
0.43
0.99
3.08
2.45
-10.78
6.48
-0.90
1.24
1.10
2.01
-13.56
-0.72
0.51
2.10
-10.49
3.42
1.25
7.02
-0.64
2.26
-6.67
-7.98
-18.83
-17.01
-6.06
-1.15
0.47
-0.56
3.55
-6.46
1.34
3.32
0.68
0.52
1.60
-12.45
12.05
-4.24
-0.41
-0.13
0.61
4.72
-9.70
5.12
4.89
0.73
0.14
0.58
2.80
1.98
0.44
-1.01
1.40
-1.08
1.29
5.87
-15.50
5.86
2.02
2.89
1.01
-0.68
1.19
0.95
0.72
-1.78
-12.11
-7.95
-0.63
0.40
0.64
0.95
-0.13
-0.37
2.16
-2.67
2.02
-0.19
-0.21
-0.22
1.40
6.77
-1.45
9.33
-0.03
-0.80
2.82
-0.70
0.07
6.40
2.58
0.48
-0.66
0.23
1.63
-0.05
-0.18
-2.54
-13.66
12.25
3.14
-0.85
0.57
-0.36
1.50
-0.48
0.22
0.46
1.59
0.16
-0.53
-15.94
5.30
1.22
0.36
1.00
4.28
-8.39
0.11
3.73
1.78
-0.27
0.55
0.35
1.03
0.43
1.08
-7.65
1.90
2.44
5.73
0.13
0.16
-0.11
0.88
0.48
1.65
2.98
1.76
-5.77
2.66
-2.56
-6.59
0.04
-0.58
2.80
15.34
-16.93
1.30
4.54
0.31
1.09
2.01
-7.48
0.75
0.54
14.14
-14.86
0.53
3.27
3.13
-15.98
12.81
-9.25
2.15
5.68
-13.41
-11.94
-0.29
0.28
-0.12
2.50
2.32
-1.05
0.34
3.54
-15.95
-2.31
-15.97
-18.45
0.66
0.87
-2.46
0.88
1.05
1.71
-1.31
0.02
1.64
-6.04
-10.81
-11.28
0.62
2.21
1.94
16.53
-15.41
-3.17
12.22
-11.24
1.64
-0.35
-16.98
-12.21
8.96
-2.24
-11.17
-13.03
-13.44
1.42
0.02
0.57
0.53
0.67
1.98
14.49
-18.20
1.01
0.27
-14.54
11.77
-2.35
1.83
0.90
1.21
-14.08
-6.62
-1.17
0.96
-0.64
-0.90
1.05
3.41
-9.59
1.74
1.28
-15.61
-0.64
-0.33
0.38
1.46
13.05
-1.88
-2.95
-7.99
16.10
1.33
0.18
1.20
0.84
1.88
3.32
-0.40
0.77
-0.50
0.13
-0.22
0.80
1.05
2.82
-5.48
-1.91
1.15
0.53
-7.35
4.49
0.21
0.07
0.14
0.17
0.12
0.73
0.76
0.34
1.99
-7.33
0.86
4.22
2.91
0.84
-0.26
9.30
-11.06
-4.39
3.69
-0.90
0.32
2.93
-5.46
1.81
-0.04
0.69
-0.35
0.98
2.48
-1.72
-0.09
-0.06
-1.18
-12.95
0.00
14.75
0.06
-6.88
4.96
3.62
-9.13
3.10
7.74
-1.12
2.36
-2.93
1.42
0.41
-0.28
1.24
0.10
2.60
1.90
1.72
-0.27
-1.19
-14.88
-6.37
-17.64
-10.41
4.33
3.96
-0.23
0.44
0.99
-0.65
1.04
-0.77
2.31
4.16
-0.94
3.25
11.77
1.18
-0.17
-0.80
1.48
0.24
1.24
0.13
1.28
0.71
2.85
-10.28
3.32
0.70
-15.98
-19.04
-0.66
1.64
-1.55
1.70
-1.02
1.63
-0.72
1.08
-0.16
3.56
2.79
-9.66
-6.84
3.38
0.15
1.08
2.61
-13.22
1.24
5.56
-15.71
0.85
-14.21
-0.49
0.36
3.99
0.67
-7.33
-1.32
-0.46
1.56
0.14
-0.91
1.01
1.07
0.62
-0.53
1.21
5.66
1.23
-0.63
15.41
-0.20
0.81
-1.99
-5.94
0.63
-9.02
13.55
-15.43
-0.25
-0.24
1.09
0.42
-0.28
0.96
-1.15
-3.44
6.69
-7.84
7.20
0.91
4.30
-16.03
2.74
4.19
-9.45
3.30
9.36
9.72
3.72
-4.77
-1.02
5.99
1.15
1.58
9.69
-12.95
1.61
-0.86
0.21
-0.01
-0.80
0.99
-0.80
1.57
0.56
0.75
-10.67
-18.40
-15.89
-9.87
1.92
1.52
1.80
1.04
0.43
0.10
0.61
1.94
-5.98
5.16
-0.11
-0.94
0.10
0.88
3.26
2.53
-6.13
-2.36
0.80
0.89
-0.51
1.33
-1.75
1.01
-0.13
-0.54
1.06
0.63
1.56
-0.39
3.03
-1.97
12.69
-1.87
0.71
-11.40
-9.06
-7.00
0.40
-7.31
-6.66
-0.34
0.84
6.20
-0.44
0.44
-6.85
-16.03
-0.78
0.27
0.61
-0.75
-0.36
1.24
1.92
-1.40
0.44
1.41
-0.11
3.28
-6.24
-11.91
-14.44
0.60
-0.05
1.46
-2.56
0.83
0.87
-0.11
0.02
1.21
0.25
0.79
0.01
0.65
1.54
2.90
-10.00
2.35
-5.45
5.25
1.90
2.32
0.84
0.56
-0.53
0.37
-11.44
2.48
6.63
-0.49
-18.15
1.53
-7.64
1.25
4.40
-0.60
1.12
0.52
-1.63
0.94
-0.67
1.01
0.25
-0.89
0.94
-0.64
0.40
-0.29
1.02
3.05
-1.65
-0.43
1.05
-9.81
-17.89
-15.41
-8.71
0.88
3.68
1.71
0.03
0.60
0.58
-0.96
1.10
0.54
0.46
-11.56
3.60
-0.55
10.00
-0.02
1.84
-0.62
-0.26
0.19
0.54
2.18
2.81
1.30
-6.40
-2.47
0.46
-1.11
0.17
0.41
1.04
0.36
0.89
2.33
-0.57
-14.74
-18.74
-6.13
5.67
17.35
2.31
15.00
-16.77
18.66
-0.20
0.19
0.14
1.01
0.93
-2.50
0.55
4.21
-2.08
-2.82
-8.06
-0.15
2.70
1.29
12.69
1.89
5.19
13.16
-16.36
9.98
-8.71
-2.20
0.29
-0.37
0.52
1.38
0.57
1.37
2.82
-9.15
2.50
1.69
-11.32
0.42
12.46
0.11
-0.77
0.07
0.88
0.86
1.49
0.79
0.06
0.16
-0.45
-15.20
-6.42
-6.52
10.11
-0.23
0.46
1.99
-1.25
1.95
4.13
1.07
-5.15
-9.14
-0.42
-4.52
0.02
-0.12
0.53
0.04
1.24
-0.80
-6.17
1.31
2.10
0.26
17.16
9.57
1.12
1.92
-12.38
11.48
0.14
-10.98
13.64
0.38
0.05
0.65
1.08
1.33
1.35
-3.82
14.50
6.96
-9.44
0.42
11.05
0.38
1.28
5.14
6.27
0.29
1.32
-2.01
0.22
6.63
0.32
-0.24
0.07
-0.16
0.81
1.95
2.21
0.18
2.47
-6.97
3.02
0.22
-8.61
14.24
-0.83
-3.59
-0.14
2.52
0.34
0.35
1.45
0.83
0.69
2.05
-5.33
15.45
9.21
-2.59
-12.53
0.43
3.20
-12.68
0.71
-10.76
-1.56
0.16
0.28
0.61
0.79
0.06
-10.83
0.78
5.48
-0.95
17.62
6.07
5.35
0.68
0.14
0.97
1.16
-0.43
1.22
-1.50
-0.40
0.54
0.70
0.06
0.16
0.93
-1.00
2.90
1.72
-1.80
-1.68
1.88
3.86
-0.86
3.99
0.49
2.10
2.03
-2.74
-1.71
16.96
0.02
0.02
0.08
1.49
-2.99
1.81
0.34
4.01
-5.55
0.56
3.46
1.88
0.62
0.27
0.59
1.21
-1.35
0.94
-0.04
-0.03
0.45
0.12
1.69
2.30
-5.78
0.81
1.88
-1.59
0.59
0.13
0.04
0.78
1.69
-16.58
4.13
-11.28
-0.64
5.89
0.55
0.71
1.28
-0.20
-1.32
0.59
0.91
1.99
1.96
1.37
-1.52
0.38
2.11
3.17
1.17
-6.14
1.88
-6.90
0.64
-0.39
0.77
-2.32
-5.67
1.99
0.54
7.76
0.65
0.69
-9.00
-18.18
15.93
-9.35
0.32
3.28
1.61
0.78
0.12
-0.26
1.07
4.67
-6.32
0.42
-14.20
14.75
-0.65
2.00
-0.62
0.89
3.46
-1.94
-15.86
-19.32
4.98
1.88
0.88
-8.68
1.64
1.14
8.21
-17.78
-0.26
0.42
0.67
-0.30
0.99
5.15
-9.20
6.32
4.67
0.07
0.70
-1.08
0.19
0.67
0.66
0.68
-1.16
16.77
3.29
3.81
-5.50
-19.57
1.23
0.30
-0.30
4.51
0.57
1.51
4.15
-2.49
-13.73
-0.51
-0.23
-0.20
0.56
0.48
0.70
0.78
-14.35
3.48
0.09
0.10
1.37
-17.31
2.89
-0.17
4.48
-10.42
-14.30
-17.23
-3.55
6.06
-0.63
0.86
-11.38
1.69
-11.31
13.06
-13.49
14.43
1.44
1.13
-8.12
-0.01
0.41
0.33
2.53
13.33
13.64
-0.76
0.18
4.04
1.42
-10.49
2.15
-12.64
14.45
0.49
3.22
0.48
1.31
-1.02
3.10
4.09
0.84
1.39
-0.88
17.82
10.48
-12.75
0.02
1.09
0.61
0.79
-0.70
-9.69
-11.26
-15.05
0.49
3.95
-0.36
-0.22
0.76
1.28
-0.58
0.26
0.98
-7.66
0.98
1.32
3.86
-8.92
0.31
-3.27
3.90
-7.93
2.11
10.50
-9.55
4.35
2.36
1.90
1.53
2.55
3.38
8.39
1.51
-0.38
-0.37
0.97
3.19
-0.68
-8.78
-1.17
4.55
1.78
-13.05
9.20
-0.01
-2.39
3.56
-2.57
11.86
15.77
7.84
4.75
0.30
0.02
0.74
1.12
14.28
1.76
1.11
-0.65
0.54
1.49
-0.53
0.18
-0.47
1.50
-7.77
1.63
-0.42
-3.65
5.06
0.90
-0.27
1.05
-0.30
-0.02
0.61
0.36
1.32
-3.82
-1.28
-8.58
1.70
8.20
-17.55
-8.62
-11.59
3.40
2.26
4.76
-11.92
9.49
0.42
0.46
-0.03
-0.09
0.76
0.83
0.71
0.50
7.73
4.19
1.46
6.10
0.83
0.46
-6.46
-19.66
-8.63
-15.82
4.10
5.23
-9.41
-11.62
-14.50
-0.40
1.42
1.32
-1.02
4.65
1.30
0.87
-0.75
0.71
-0.12
0.61
-2.03
-5.88
-17.27
-17.96
1.11
2.36
1.51
-0.83
1.22
-9.69
2.25
1.14
7.45
0.65
-1.24
2.70
-1.75
-15.92
-17.69
0.93
-10.57
-18.07
15.99
-0.03
1.10
0.68
0.38
-0.43
1.49
2.92
-4.11
3.75
2.53
0.23
2.52
1.54
-14.36
0.49
0.46
-0.78
-6.79
1.54
1.53
0.87
1.51
0.91
-0.35
0.67
1.71
-10.12
4.03
0.42
0.90
3.08
-7.24
0.78
0.15
2.60
2.26
-0.26
0.26
0.68
2.13
0.49
10.69
5.98
1.99
3.10
7.62
0.20
1.14
-0.18
1.68
1.65
4.70
4.99
1.22
4.34
0.99
1.08
4.72
0.43
0.74
-0.42
1.68
1.61
-7.43
1.57
-0.03
5.45
-0.06
1.06
-15.30
-0.89
2.00
-0.42
-1.57
-1.59
0.02
-0.86
-1.30
-4.04
0.81
-3.02
1.60
-8.04
0.81
4.35
2.22
2.00
-8.74
-12.87
-15.77
8.26
-7.62
-7.32
3.34
1.98
13.19
-15.84
0.05
-0.21
0.75
0.23
3.01
-0.08
-11.02
1.88
3.79
-15.55
16.78
2.66
0.66
-0.14
0.15
1.84
5.17
-14.40
14.38
-17.93
2.51
16.41
1.70
-9.31
-10.21
16.41
16.46
-2.04
1.37
3.08
-0.04
-6.90
3.10
1.19
-0.34
-15.42
17.60
-0.77
-0.62
0.73
-0.48
-0.39
-0.31
2.68
2.00
0.03
6.09
-5.04
2.95
-0.62
-2.71
-2.11
-1.38
0.09
1.04
-0.68
0.37
0.30
1.09
3.80
3.54
0.02
0.49
-1.47
1.40
1.20
3.65
-9.36
2.00
0.37
5.36
-0.41
-17.51
1.33
1.08
3.75
-17.13
-0.52
0.29
-0.38
1.25
1.20
1.89
1.68
-12.78
-10.97
-12.17
-16.72
-8.84
0.26
10.29
0.07
-0.36
0.92
0.92
1.38
2.07
11.73
-0.99
0.72
0.39
-0.89
0.12
0.47
-0.29
3.89
-7.29
1.10
0.19
13.68
-9.71
0.60
1.92
0.44
13.15
-15.42
-4.72
4.49
2.82
0.52
0.29
0.10
16.24
-18.72
0.64
1.26
-0.57
1.34
-0.28
0.03
-11.75
7.49
-0.57
0.79
1.03
0.39
-0.92
4.10
-0.14
0.59
1.56
-1.36
1.51
-0.46
0.41
1.95
-1.85
-8.28
-0.92
-0.25
5.77
-1.07
-1.31
-0.68
1.17
1.04
-3.04
-2.63
4.11
-0.51
0.21
0.02
2.37
-8.16
2.70
0.06
6.91
-0.48
-0.20
1.48
4.02
-7.41
-9.71
3.83
1.52
3.18
-0.18
1.05
1.12
-0.72
-1.12
0.50
0.14
3.97
10.47
-10.39
0.46
-0.84
-0.27
1.70
-0.01
1.95
-17.69
0.79
1.42
4.89
10.02
-16.32
1.94
1.57
1.16
3.17
3.28
0.00
3.02
-7.77
8.46
1.60
-1.22
-1.66
-0.13
1.37
2.09
-2.26
-1.31
-11.02
2.99
2.51
1.88
1.11
-6.25
-1.16
15.38
-12.90
-0.67
0.75
1.96
0.62
-0.38
-1.58
-15.52
3.01
0.76
-4.09
-2.63
13.50
7.84
1.87
0.15
-0.06
-0.31
1.48
1.50
-0.81
-3.71
1.16
4.52
0.40
0.21
0.28
0.13
0.72
7.85
2.70
5.02
-1.23
-0.12
0.17
0.63
0.49
3.68
-1.47
0.23
-0.20
-2.29
4.05
1.28
-14.99
0.91
-4.36
1.44
0.01
0.87
1.00
1.40
-4.78
-4.72
-16.57
-6.22
10.53
-0.30
0.39
0.53
0.07
1.17
2.55
-1.35
9.23
-17.25
-18.30
-0.50
0.50
1.16
-1.16
0.04
1.13
0.19
1.25
2.47
1.95
-16.15
4.95
-2.25
-6.54
-0.51
-5.25
0.55
4.06
1.50
0.75
-0.05
1.65
-1.41
1.60
0.19
0.68
1.29
0.30
-0.13
0.76
1.09
-9.69
2.23
-0.89
8.89
0.48
0.77
5.85
-19.19
0.00
-15.24
-0.48
-0.23
0.95
4.12
-14.30
-5.66
-8.06
1.31
1.76
2.97
-0.22
0.52
1.50
-0.71
-0.31
-0.90
1.40
-0.58
1.59
-2.11
-14.53
-17.67
1.50
-1.67
0.36
0.78
0.82
2.50
0.18
1.09
0.90
-0.67
2.06
0.95
-0.58
0.34
0.15
1.31
-0.11
13.06
-17.72
13.39
-15.26
-7.81
15.23
-14.10
-0.71
-10.24
0.70
-0.15
0.59
14.80
-17.41
4.56
0.33
-0.53
1.00
1.17
1.06
-0.92
-8.94
-10.93
-7.15
0.38
2.50
0.78
1.58
2.35
0.02
1.51
1.09
-6.44
3.93
2.56
0.21
1.11
-0.63
0.52
-0.18
1.65
2.97
-6.14
4.52
0.22
3.84
-12.46
3.28
4.05
12.87
2.10
-15.33
4.43
0.25
3.42
-8.00
1.73
3.26
0.39
0.02
1.00
0.16
0.42
1.88
-7.75
3.20
2.32
0.43
1.67
0.92
3.95
-6.99
-0.48
-0.47
2.33
4.34
-17.18
-16.22
-16.72
-6.28
-0.56
2.09
2.09
2.17
0.93
1.15
-2.40
-0.38
0.61
-0.46
-0.66
7.21
-14.79
-5.78
0.00
1.82
2.12
0.84
1.44
-0.83
0.17
1.59
-15.06
-15.31
11.84
2.37
2.57
2.98
2.24
1.22
0.40
0.83
-0.84
0.11
3.51
-0.22
-7.68
0.66
0.82
1.83
-15.40
0.58
0.84
-0.99
-0.88
2.72
-11.06
3.74
-1.14
6.26
4.45
-0.58
1.51
-0.56
0.04
0.98
4.08
-10.29
1.25
4.62
-16.66
0.10
1.11
-0.88
1.02
-17.05
-16.50
-16.69
2.54
7.11
-13.19
14.96
0.70
0.67
-4.44
-3.11
-0.68
0.23
-2.21
-12.82
1.16
6.03
1.65
-1.00
-0.08
1.04
1.25
0.53
0.79
-11.20
3.61
-0.71
9.13
-0.18
0.05
12.51
-15.02
0.29
1.36
-1.94
0.96
1.44
-10.97
9.87
-13.55
0.56
-13.21
9.12
-5.96
0.41
1.84
1.03
0.70
-0.14
0.83
0.70
0.41
0.12
1.16
1.15
1.15
1.41
11.86
0.51
-0.33
0.88
0.43
1.32
-0.41
2.14
-5.04
5.02
0.63
-0.33
0.26
13.38
2.18
-1.10
-1.33
1.86
0.60
-0.51
0.34
-0.03
1.08
3.57
-2.02
-7.36
-4.73
-0.00
4.92
2.50
-9.57
3.08
1.61
6.05
3.55
-9.35
1.42
-0.97
4.58
-0.12
1.30
-0.61
0.92
0.02
0.95
-0.21
1.41
1.18
0.09
0.74
1.02
-0.82
-7.53
2.77
1.44
1.51
-0.53
1.75
3.67
16.34
-19.86
7.49
-0.20
0.26
0.10
1.68
-4.18
0.52
1.81
-1.08
-0.02
-12.14
0.41
2.51
2.53
3.37
0.58
-1.48
1.26
0.46
-18.83
-3.07
-16.08
-13.03
1.17
0.63
-0.30
0.59
2.56
-7.94
1.82
3.18
1.42
2.27
-1.24
-1.81
3.90
0.30
-0.75
0.09
-0.19
-1.64
-0.50
4.83
0.34
0.40
0.04
0.44
-0.09
1.06
5.85
-0.54
1.46
-0.01
0.79
3.29
-5.10
1.19
-2.65
-16.71
13.01
3.27
2.31
12.73
-12.37
-0.79
0.26
4.35
1.17
-1.90
1.62
3.45
-5.57
-3.16
-3.25
0.50
-0.20
0.76
3.01
4.69
-0.21
0.28
-0.25
2.94
-7.20
-7.99
5.58
10.76
-17.98
16.00
-16.48
-0.27
-0.03
-0.58
0.83
0.14
1.15
-1.61
-15.00
-2.61
-6.75
5.63
0.70
-0.57
1.07
4.46
0.86
0.03
1.25
0.61
-7.25
10.81
1.20
3.31
0.83
6.32
-2.55
2.96
0.64
-0.90
0.88
0.55
-13.86
15.91
11.50
0.62
-7.02
0.08
-0.03
0.68
1.83
1.06
0.75
0.38
2.19
1.62
-0.75
1.51
3.33
-4.51
-12.47
-0.13
4.15
1.22
0.05
0.12
1.21
2.30
-6.38
4.59
2.26
-10.29
4.69
2.21
6.49
2.43
-8.37
6.45
-0.60
-0.34
0.04
1.42
1.22
-15.71
-14.48
2.05
1.85
1.18
-1.18
4.46
-11.60
0.10
0.35
0.81
3.60
0.92
-8.82
0.10
0.69
-0.57
-15.77
4.11
2.31
-1.54
0.91
-0.40
2.09
-7.07
-29.70
2.66
-7.24
-16.95
-0.03
0.45
1.34
-0.36
0.97
6.03
-14.23
-9.20
-0.84
11.93
0.56
3.16
1.31
-1.47
0.86
0.45
0.31
-2.55
6.42
1.23
-7.32
-1.04
0.34
2.25
1.07
6.11
0.28
0.85
-0.64
-7.80
2.13
-0.31
4.42
-0.41
-3.45
-16.97
9.01
1.69
10.67
-10.05
3.13
2.07
2.52
0.59
0.19
1.24
-0.39
-6.59
1.30
0.02
-1.11
-5.64
-0.85
-2.79
4.25
0.72
0.32
-0.15
1.20
-1.18
4.49
-6.78
0.24
1.47
1.11
-0.01
1.10
0.31
-1.55
1.91
-0.23
3.52
-2.60
-4.69
-7.87
1.34
4.11
1.41
-3.40
1.30
0.24
0.06
7.93
-7.45
-0.23
1.33
-10.12
3.98
0.71
7.37
0.43
0.98
0.03
0.19
1.07
-0.43
1.19
3.62
-9.44
1.54
0.48
4.56
-0.23
0.05
0.21
0.72
2.18
0.49
1.18
-16.20
0.25
1.12
-1.30
-0.17
0.80
0.83
2.03
5.05
